5343.0,17.0,3.0,1.0,145.37050925,307.50684688,3090.0,1675801.0,0.12626348,6.018748866983684E9
5343.0,17.0,4.0,1.0,191.84147371,400.69330252,3084.25,1818613.5,0.13345433,6.053472130121213E9
5343.0,17.0,5.0,1.0,239.56263972,497.15233613,3104.2,1917177.0,0.17544305,6.080819750579953E9
5343.0,17.0,6.0,1.0,279.87000361,580.62276048,3087.5,2066941.83333333,0.16032531,6.134837450232323E9
5343.0,17.0,7.0,1.0,322.09800543,666.7169283,3097.42857143,2255902.14285714,0.17859186,6.171993842314353E9
5343.0,17.0,8.0,1.0,371.48890693,758.58290343,3090.875,2447165.125,0.17287122,6.205408763861889E9
5343.0,17.0,8.0,1.0,369.59288813,751.95181349,3069.5,2642324.5,0.16888928,6.286395225674242E9
5343.0,17.0,10.0,1.0,446.70152845,908.40810395,3094.2,2887665.6,0.20025961,6.281563178484849E9
5343.0,17.0,3.0,2.0,293.06216773,610.43924605,3095.33333333,1694713.66666667,0.28317241,6.0891446704600935E9
5343.0,17.0,4.0,2.0,384.25354323,789.69494538,3087.0,1850639.25,0.27989389,6.148170348664711E9
5343.0,17.0,5.0,2.0,469.76178307,961.34530344,3084.8,2080988.4,0.32036886,6.205717317273239E9
5343.0,17.0,6.0,2.0,560.65914368,1128.94558491,3084.0,2356097.66666667,0.31627327,6.262585938001305E9
5343.0,17.0,7.0,2.0,639.66392663,1280.01114213,3080.85714286,2717698.42857143,0.30285423,6.332823753926671E9
5343.0,17.0,8.0,2.0,730.32507871,1431.34071532,3079.375,3002217.0,0.3162191,6.445719377090375E9
5343.0,17.0,9.0,2.0,812.65736057,1559.77371558,3062.22222222,3344190.33333333,0.32775613,6.506942721239089E9
5343.0,17.0,10.0,2.0,893.14194577,1679.71859607,3059.7,3697098.3,0.32435857,6.557680415974022E9
5343.0,17.0,2.0,3.0,280.57827711,587.5873179,3093.5,1582058.5,0.38131959,5.965445622666666E9
5343.0,17.0,3.0,3.0,418.46086044,865.30353,3089.0,1744430.33333333,0.41246452,6.128383510694638E9
5343.0,17.0,4.0,3.0,560.49872721,1143.33407863,3088.0,2000790.5,0.38276526,6.262062353525641E9
5343.0,17.0,5.0,3.0,704.6302448,1397.03382581,3072.0,2304165.2,0.40602496,6.35075718363077E9
5343.0,17.0,6.0,3.0,825.86253031,1613.44901944,3079.16666667,2738839.33333333,0.38855809,6.421882753842269E9
5343.0,17.0,7.0,3.0,956.25646788,1823.07915738,3062.14285714,3113658.71428571,0.37985435,6.546055939012987E9
5343.0,17.0,8.0,3.0,1084.66431822,1987.03561352,3061.875,3603513.625,0.42551048,6.6560282620728445E9
5343.0,17.0,9.0,3.0,1220.48775068,2130.28165102,3023.88888889,4032755.55555556,0.42220776,6.734666302133126E9
5343.0,17.0,10.0,3.0,1362.89070421,2234.77944465,3013.0,4481409.2,0.45433055,6.819048871713285E9
5343.0,17.0,2.0,4.0,388.39972669,805.55293229,3096.0,1560225.0,0.51639519,6.063434641746479E9
5343.0,17.0,3.0,4.0,565.00782357,1158.64156953,3089.33333333,1815851.33333333,0.51654784,6.263268137796557E9
5343.0,17.0,4.0,4.0,735.9569365,1479.94105989,3078.75,2154809.75,0.53103621,6.3713405695410795E9
5343.0,17.0,5.0,4.0,915.6534279,1782.20588301,3067.8,2578220.6,0.54129873,6.429002502047261E9
5343.0,17.0,6.0,4.0,1094.46340928,2036.86431145,3055.33333333,3113797.0,0.53794842,6.561652516383674E9
5343.0,17.0,7.0,4.0,1265.52520475,2243.17424291,3033.57142857,3664811.0,0.54075379,6.725578416885312E9
5343.0,17.0,8.0,4.0,1458.78258406,2406.50573613,3013.75,4136339.625,0.52537147,6.802106947112285E9
5343.0,17.0,9.0,4.0,1684.43752897,2456.82042761,2964.33333333,4623423.55555556,0.54381771,6.886543093295063E9
5343.0,17.0,10.0,4.0,1981.14355265,2390.39801081,2918.2,5085371.3,0.53220438,6.963788021678873E9
5343.0,17.0,2.0,5.0,454.88102612,946.84157462,3092.0,1563982.0,0.63677696,6.11476434048122E9
5343.0,17.0,3.0,5.0,696.02719889,1408.68149816,3085.0,1927961.33333333,0.64378238,6.318961842028169E9
5343.0,17.0,4.0,5.0,916.37444362,1799.76807327,3071.0,2375814.25,0.63712715,6.408089064816901E9
5343.0,17.0,5.0,5.0,1124.40462501,2109.58010717,3052.6,2991330.6,0.61926966,6.535870494377464E9
5343.0,17.0,6.0,5.0,1338.37975162,2366.31775029,3042.83333333,3603574.0,0.6299235,6.694572756936097E9
5343.0,17.0,7.0,5.0,1616.27173362,2553.70700594,3002.28571429,4080554.0,0.61518733,6.775156419106641E9
5343.0,17.0,8.0,5.0,1974.19450711,2526.7356489,2944.0,4707258.5,0.61251847,6.894785238510368E9
5343.0,17.0,9.0,5.0,2595.1435222,2170.80446872,2834.66666667,5240246.77777778,0.58303242,6.918304359649452E9
5343.0,17.0,10.0,5.0,3833.31287113,794.84819176,2702.3,6207168.2,0.50744193,6.538852953960563E9
5343.0,17.0,2.0,6.0,557.96177636,1151.43081722,3093.0,1625317.0,0.70411541,6.207582205248827E9
5343.0,17.0,3.0,6.0,803.00311644,1611.80025887,3084.33333333,2113551.33333333,0.73585988,6.410130735323944E9
5343.0,17.0,4.0,6.0,1039.10684352,1993.1921678,3059.5,2786586.0,0.72226471,6.539413416450705E9
5343.0,17.0,5.0,6.0,1291.71726419,2316.82400506,3043.6,3429875.8,0.71647666,6.596967583030986E9
5343.0,17.0,6.0,6.0,1599.21784513,2542.24219581,2996.0,4024956.66666667,0.68150209,6.789363437877934E9
5343.0,17.0,7.0,6.0,2036.27768263,2538.2156456,2928.71428571,4665928.28571428,0.66319461,6.930968453392354E9
5343.0,17.0,8.0,6.0,3104.08245882,1887.87039011,2794.125,5208326.625,0.63693344,6.777824552131651E9
5343.0,17.0,9.0,6.0,4341.36450249,425.88343787,2670.0,6462226.55555556,0.57578109,6.489710837233176E9
5343.0,17.0,10.0,6.0,4301.24465977,181.98017943,2661.9,7605173.1,0.52261324,6.436105459165884E9
5343.0,17.0,2.0,7.0,619.7795727,1274.12312376,3095.5,1680458.5,0.80887722,6.246649468697184E9
5343.0,17.0,3.0,7.0,887.4268329,1765.4375397,3080.33333333,2376111.0,0.79830698,6.472951957483567E9
5343.0,17.0,4.0,7.0,1148.40711172,2143.69253458,3055.0,3155007.0,0.78105014,6.639768237519953E9
5343.0,17.0,5.0,7.0,1463.77734226,2450.52618013,3017.2,3858243.4,0.76390475,6.70115460020313E9
5343.0,17.0,6.0,7.0,1938.71801305,2555.87271049,2939.33333333,4487345.5,0.74320694,6.859845162157799E9
5343.0,17.0,7.0,7.0,3184.24431736,1833.48173826,2781.14285714,5152012.14285714,0.67555406,6.858518665203444E9
5343.0,17.0,8.0,7.0,4648.43446734,364.3921439,2672.125,6313777.5,0.61388565,6.392233715521127E9
5343.0,17.0,9.0,7.0,4615.85197988,142.41227123,2652.66666667,7483801.33333333,0.56286106,6.395052271824726E9
5343.0,17.0,2.0,8.0,655.17499979,1345.2305231,3091.5,1732972.0,0.87722688,6.296040741746479E9
5343.0,17.0,3.0,8.0,944.83307719,1854.98731646,3070.66666667,2578201.33333333,0.85550279,6.522849322344288E9
5343.0,17.0,4.0,8.0,1255.201281,2259.1467691,3039.75,3472468.5,0.82187415,6.6566854891267605E9
5343.0,17.0,5.0,8.0,1653.73322031,2480.75536511,2981.6,4305396.8,0.80131899,6.81947246023662E9
5343.0,17.0,6.0,8.0,2629.44199095,2206.69944171,2842.5,4937142.33333333,0.75775241,6.919799978422536E9
5343.0,17.0,7.0,8.0,4788.51611531,409.4857005,2672.14285714,5992882.14285714,0.63186373,6.4378123261167E9
5343.0,17.0,2.0,9.0,671.37330271,1376.95766527,3088.5,2141243.0,0.90229047,6.297833935718309E9
5343.0,17.0,3.0,9.0,982.45711492,1886.2767754,3068.0,3018563.66666667,0.88386437,6.540186422798122E9
5343.0,17.0,4.0,9.0,1317.25972915,2265.86715252,3025.0,3856330.75,0.84788304,6.678154112589203E9
5343.0,17.0,5.0,9.0,1888.60300203,2429.05136298,2933.2,4616762.4,0.82854161,6.7912672813277E9
5343.0,17.0,6.0,9.0,4642.55193466,696.45639729,2682.33333333,5485313.5,0.65518396,6.585125835305164E9
5343.0,17.0,7.0,9.0,5014.89328437,181.8399706,2657.28571429,6692947.85714286,0.61673151,6.426396376547284E9
5343.0,17.0,2.0,10.0,683.49437981,1388.53630559,3084.5,2406756.0,0.91073206,6.27662532084507E9
5343.0,17.0,3.0,10.0,1000.96100967,1892.9668535,3060.66666667,3333466.66666667,0.88436021,6.535084575661972E9
5343.0,17.0,4.0,10.0,1396.92617914,2259.34582359,3001.25,4217316.0,0.87175374,6.709662937314554E9
5343.0,17.0,5.0,10.0,2457.52844492,2160.18589603,2845.2,4953046.0,0.83563562,6.817036173225664E9
5343.0,17.0,6.0,10.0,5085.34281937,291.98254886,2660.16666667,6087878.16666667,0.6274996,6.504752935098591E9
5343.0,17.0,2.0,11.0,673.54755563,1364.3602912,3087.0,2760436.5,0.92258742,6.273985064338028E9
5343.0,17.0,3.0,11.0,1025.58295852,1900.80678163,3049.0,3564704.66666667,0.90108577,6.503454010103287E9
5343.0,17.0,4.0,11.0,1537.70263683,2271.64341195,2975.25,4522924.25,0.88504162,6.680716346366197E9
5343.0,17.0,5.0,11.0,4606.64283222,708.70616311,2683.2,5509927.0,0.71688712,6.696928737913615E9
5343.0,17.0,3.0,12.0,1024.57667133,1849.77178673,3037.33333333,4050403.0,0.83349196,6.534749101555556E9
5343.0,17.0,4.0,12.0,1592.63116673,2158.17495563,2949.0,4877468.25,0.84670391,6.7531627319044285E9
5343.0,17.0,5.0,12.0,5071.03615689,336.66627782,2673.6,5931686.8,0.71733717,6.654430256235896E9
5343.0,17.0,2.0,13.0,662.61921558,1333.12040704,3084.5,3214628.5,0.91638754,6.214492809408451E9
5343.0,17.0,3.0,13.0,1050.53215127,1864.11256277,3028.66666667,4184970.66666667,0.90788673,6.494244799090245E9
5343.0,17.0,4.0,13.0,1948.92134888,2096.26895312,2889.75,5045474.25,0.89401692,6.779310590140846E9
5343.0,17.0,2.0,14.0,677.11382814,1348.77817095,3083.5,3480890.5,0.91339943,6.2550244091267605E9
5343.0,17.0,3.0,14.0,1078.97723801,1867.12944875,3019.0,4329232.66666667,0.91036898,6.50829955286385E9
5343.0,17.0,4.0,14.0,4059.25757212,940.02719282,2706.0,5589987.5,0.73948748,6.814921108714006E9
5343.0,17.0,2.0,15.0,686.66988851,1355.8029341,3076.5,3597114.5,0.91110851,6.266402452901408E9
5343.0,17.0,3.0,15.0,1105.67684619,1855.04498483,3005.66666667,4695084.66666667,0.91961576,6.558154817401147E9
5343.0,17.0,4.0,15.0,4897.90136368,410.82774683,2671.0,5929240.5,0.68570389,6.887001665183099E9
5343.0,17.0,3.0,16.0,1162.57297814,1847.75367136,2987.66666667,5050656.0,0.91449047,6.6182900932957735E9
1045.0,15.0,2.0,1.0,447.05490202,492.59315843,4822.5,1413752.0,0.15306142,6.177637333746479E9
1045.0,15.0,3.0,1.0,668.36416295,729.3129214,4813.0,1484140.33333333,0.16351846,6.653226582084507E9
1045.0,15.0,4.0,1.0,870.34997493,942.14768139,4787.25,1608889.5,0.21124021,6.850508856704225E9
1045.0,15.0,5.0,1.0,1028.25934062,1103.91868634,4794.4,1821354.6,0.22471596,7.029504166738028E9
1045.0,15.0,6.0,1.0,1161.95428448,1236.70241577,4783.66666667,2068763.33333333,0.23911857,7.188794475323943E9
1045.0,15.0,7.0,1.0,1259.58412002,1327.04378557,4767.57142857,2386749.28571429,0.2532276,7.298364427283702E9
1045.0,15.0,8.0,1.0,1308.45840931,1366.26719202,4745.875,2743649.75,0.26778559,7.367439701647887E9
1045.0,15.0,2.0,2.0,940.34970765,1025.33505548,4805.0,1292762.0,0.29115642,6.607148756046948E9
1045.0,15.0,3.0,2.0,1362.61774656,1461.85539139,4790.66666667,1473002.0,0.32408714,7.326413795455399E9
1045.0,15.0,4.0,2.0,1661.25455002,1749.96493304,4765.0,1811801.5,0.33277946,7.615519522394366E9
1045.0,15.0,5.0,2.0,1835.25992294,1898.2851797,4737.2,2285447.4,0.32713475,7.858394868352112E9
1045.0,15.0,6.0,2.0,1933.97837117,1952.94433539,4703.0,2834634.83333333,0.33584769,7.959573867737088E9
1045.0,15.0,7.0,2.0,1965.30271634,1938.67024962,4672.14285714,3451611.85714286,0.33312154,7.966477880531187E9
1045.0,15.0,8.0,2.0,1973.14382021,1901.87362721,4637.0,4099028.0,0.33301428,7.959884262563379E9
1045.0,15.0,2.0,3.0,1443.73652987,1562.32363855,4803.0,1247609.5,0.38400751,7.206959104169014E9
1045.0,15.0,3.0,3.0,1930.02595883,2036.49789108,4763.66666667,1643949.66666667,0.4171378,8.0185125722065735E9
1045.0,15.0,4.0,3.0,2179.82687001,2232.67415424,4729.75,2252417.5,0.41065852,8.274036935323943E9
1045.0,15.0,5.0,3.0,2304.14247335,2279.10475289,4676.0,2940453.6,0.40642475,8.331842991909861E9
1045.0,15.0,6.0,3.0,2351.49488373,2230.004333,4617.5,3709911.5,0.38646358,8.304532598065727E9
1045.0,15.0,7.0,3.0,2372.58362763,2156.77552478,4557.14285714,4485416.14285714,0.40476984,8.296513597150907E9
1045.0,15.0,8.0,3.0,2373.56509375,2028.80157296,4460.0,5294834.0,0.38986303,8.170826111646126E9
1045.0,15.0,2.0,4.0,1882.45130145,2020.13771419,4785.0,1307116.0,0.44709967,7.76940787064867E9
1045.0,15.0,3.0,4.0,2332.50623564,2414.15559189,4740.0,1926614.33333333,0.48707326,8.453376811455399E9
1045.0,15.0,4.0,4.0,2547.28272418,2519.34542616,4669.0,2720218.0,0.45964974,8.610301992338028E9
1045.0,15.0,5.0,4.0,2615.13539818,2442.23370061,4590.0,3634360.0,0.45271501,8.535956811628169E9
1045.0,15.0,6.0,4.0,2672.93720725,2335.21128586,4492.33333333,4492681.16666667,0.41735396,8.46467010428169E9
1045.0,15.0,7.0,4.0,2708.9460974,2154.83755255,4352.28571429,5373542.57142857,0.42383006,8.350056453376258E9
1045.0,15.0,8.0,4.0,2811.00266686,1949.39695293,4159.5,6020184.5,0.40755767,8.210062231451096E9
1045.0,15.0,2.0,5.0,2199.21949865,2341.2874106,4768.5,1442802.0,0.52035751,8.24172553656338E9
1045.0,15.0,3.0,5.0,2614.95145739,2644.53254475,4701.0,2251939.33333333,0.50692471,8.799328753239435E9
1045.0,15.0,4.0,5.0,2812.87548641,2668.16652918,4606.75,3168437.75,0.49796697,8.831741096507042E9
1045.0,15.0,5.0,5.0,2904.81237557,2519.40348585,4483.8,4170745.2,0.51015232,8.738860516394367E9
1045.0,15.0,6.0,5.0,3006.57197882,2300.59257065,4300.0,5083615.16666667,0.46632805,8.509878801107982E9
1045.0,15.0,7.0,5.0,3157.78602342,1930.47499036,3984.42857143,5849899.71428572,0.4463171,8.218679577497206E9
1045.0,15.0,8.0,5.0,3418.64794064,1410.67864029,3573.25,6311635.875,0.4798244,7.852430420642812E9
1045.0,15.0,2.0,6.0,2449.24034108,2578.00183318,4753.5,1637720.5,0.58845284,8.562948259943662E9
1045.0,15.0,3.0,6.0,2805.69253075,2759.61269607,4666.33333333,2644622.0,0.53562131,9.041462764356808E9
1045.0,15.0,4.0,6.0,3003.6054554,2703.98600039,4530.0,3687363.75,0.52413232,8.933415609323944E9
1045.0,15.0,6.0,6.0,3391.93957412,2025.1299225,3956.16666667,5498063.66666667,0.47683097,8.404944570215961E9
1045.0,15.0,7.0,6.0,3795.56027115,1278.77618199,3404.28571429,5959324.0,0.49614781,7.909745500925552E9
1045.0,15.0,8.0,6.0,4233.03659276,634.91049526,2989.625,6288037.125,0.53744494,6.987759240297144E9
1045.0,15.0,2.0,7.0,2629.31771973,2742.17005344,4744.5,1829488.0,0.62802255,8.749779772450705E9
1045.0,15.0,3.0,7.0,2981.25124992,2849.29893563,4607.0,2954038.66666667,0.61702011,9.192565277784039E9
1045.0,15.0,4.0,7.0,3202.64317181,2683.24157968,4413.25,4108551.0,0.57924096,9.066203832619719E9
1045.0,15.0,6.0,7.0,3987.02649051,1421.20481794,3441.5,5573159.5,0.55923805,8.062096830197183E9
1045.0,15.0,7.0,7.0,4479.97355627,632.9773641,2969.0,6021337.0,0.55055956,7.029225420523139E9
1045.0,15.0,8.0,7.0,4610.58736605,262.97866194,2776.875,6778499.625,0.54795344,6.634589332649061E9
1045.0,15.0,2.0,8.0,2765.5020512,2854.08282019,4716.0,2035348.5,0.65685025,8.942093349126762E9
1045.0,15.0,3.0,8.0,3102.42813182,2866.41571898,4557.33333333,3328431.33333333,0.60744984,9.19312959057277E9
1045.0,15.0,4.0,8.0,3404.2917239,2572.91778061,4259.75,4486784.0,0.56710691,9.07111998569014E9
1045.0,15.0,6.0,8.0,4620.84507668,798.62857439,3032.83333333,5622226.0,0.55677878,7.338745561352113E9
1045.0,15.0,7.0,8.0,4795.42523549,301.26749643,2789.0,6441859.28571428,0.57471275,6.731140937432595E9
1045.0,15.0,8.0,8.0,4770.04227613,117.20655308,2700.25,7457160.0,0.56780297,6.504408292618545E9
1045.0,15.0,2.0,9.0,2882.93443028,2936.01904291,4703.5,2252569.5,0.69317838,9.06721342969014E9
1045.0,15.0,3.0,9.0,3230.76923077,2844.41350505,4482.33333333,3649710.0,0.61794374,9.265300156658842E9
1045.0,15.0,4.0,9.0,3676.52752588,2354.81317509,4029.75,4762085.25,0.58381691,8.944109652901407E9
1045.0,15.0,6.0,9.0,4983.9236096,424.03227315,2835.0,5900121.33333333,0.58765757,6.871017319568074E9
1045.0,15.0,7.0,9.0,4938.09477707,144.70104814,2710.0,7016435.0,0.57927028,6.571450627174156E9
1045.0,15.0,2.0,10.0,2937.24692983,2948.7444387,4676.5,2518007.0,0.70692559,9.087829870647888E9
1045.0,15.0,3.0,10.0,3368.49101772,2780.88717486,4380.0,3973572.0,0.61000549,9.342352850103287E9
1045.0,15.0,4.0,10.0,4042.87410349,2007.80109837,3729.25,4921405.0,0.58472241,8.69730119567097E9
1045.0,15.0,6.0,10.0,5159.65045156,228.02313286,2737.66666667,6315797.0,0.61592239,6.792136290704225E9
1045.0,15.0,7.0,10.0,5006.92986174,72.95242902,2675.0,7605026.0,0.61624175,6.562155119179075E9
1045.0,15.0,2.0,11.0,3010.76845734,2967.81128397,4643.0,2748191.5,0.72009069,9.177375700732395E9
1045.0,15.0,3.0,11.0,3507.1736224,2677.6425188,4258.33333333,4264827.33333333,0.64439668,9.236824312638498E9
1045.0,15.0,4.0,11.0,4466.37894643,1522.15112533,3393.0,5015086.5,0.61833754,8.46252679343662E9
1045.0,15.0,6.0,11.0,5224.0104063,130.48610565,2693.66666667,6819909.0,0.64967456,6.7425824656212845E9
1045.0,15.0,7.0,11.0,4983.83556208,35.80413476,2656.57142857,8336040.0,0.61048884,6.573716981387883E9
1045.0,15.0,2.0,12.0,3070.28005922,2966.93340296,4611.0,3008784.5,0.61271748,8.918218889818182E9
1045.0,15.0,3.0,12.0,3697.89271392,2517.71253374,4096.0,4502170.0,0.55609555,9.486730818461538E9
1045.0,15.0,4.0,12.0,4881.81597239,1069.8404983,3127.0,5102836.25,0.49131482,8.010135861437063E9
1045.0,15.0,6.0,12.0,5193.19216073,69.4857363,2664.83333333,7422520.83333333,0.59381789,6.621828877949494E9
1045.0,15.0,2.0,13.0,3095.15926539,2921.09502594,4567.0,3309055.5,0.728929,9.178056464507042E9
1045.0,15.0,3.0,13.0,3912.12388266,2284.89754205,3899.66666667,4724997.33333333,0.63534397,9.070139341412626E9
1045.0,15.0,4.0,13.0,5204.46092524,741.74131633,2956.5,5220593.75,0.62408679,7.525153106112677E9
1045.0,15.0,2.0,14.0,3129.55247428,2881.13014688,4530.5,3579927.0,0.71806537,9.161274817971832E9
1045.0,15.0,3.0,14.0,4201.84301593,1979.80903289,3661.33333333,4829220.0,0.64007905,8.8683169057277E9
1045.0,15.0,4.0,14.0,5345.53484625,501.53606844,2848.0,5486126.0,0.6512985,7.31522024115493E9
1045.0,15.0,2.0,15.0,3201.82092396,2837.98609587,4463.5,3842313.0,0.69400556,9.145477937014084E9
1045.0,15.0,3.0,15.0,4484.16789805,1622.86266624,3425.33333333,4950230.33333333,0.64839156,8.691977480863848E9
1045.0,15.0,4.0,15.0,5423.76411968,329.72361942,2772.75,5784175.5,0.64760696,7.150934993219092E9
1045.0,15.0,2.0,16.0,3245.18564401,2759.46969171,4389.5,4129823.5,0.70322864,9.107600788E9
1045.0,15.0,3.0,16.0,4736.88946658,1283.13530748,3230.33333333,5069696.33333333,0.66584308,8.243364737276996E9
1045.0,15.0,4.0,16.0,5385.40807342,214.89302013,2722.5,6186719.0,0.6616607,7.085892298535212E9
5025.0,15.0,2.0,1.0,104.68775606,209.26440811,4839.5,1790525.5,0.20967649,5.916270875846636E9
5025.0,15.0,4.0,1.0,205.1262109,406.61921461,4859.0,2099563.0,0.19171457,6.26802893314867E9
5025.0,15.0,5.0,1.0,255.65217971,502.50485806,4854.4,2296207.6,0.18982242,6.315558338519876E9
5025.0,15.0,7.0,1.0,339.94735134,671.05617154,4846.0,2871240.42857143,0.19275111,6.487016732230047E9
5025.0,15.0,8.0,1.0,382.5031423,749.96215357,4813.625,3164035.5,0.21017604,6.53809971479147E9
5025.0,15.0,8.0,1.0,374.58586019,733.71096357,4832.875,3115174.25,0.20148751,6.635101808343506E9
5025.0,15.0,2.0,2.0,206.81303053,411.73725612,4851.0,1741401.0,0.30881669,5.978631138253521E9
5025.0,15.0,3.0,2.0,305.83222696,607.94813823,4848.66666667,2009196.33333333,0.30711916,6.339128304751174E9
5025.0,15.0,4.0,2.0,403.06094106,795.45025276,4844.5,2276795.5,0.29926984,6.445481778892018E9
5025.0,15.0,5.0,2.0,492.25279035,965.26254741,4844.2,2674033.0,0.31635184,6.581002149637246E9
5025.0,15.0,6.0,2.0,571.30503618,1120.35071314,4834.83333333,3129819.16666667,0.30599154,6.766465815285863E9
5025.0,15.0,7.0,2.0,645.16679444,1251.71302182,4835.0,3684454.85714286,0.31746384,6.857435838403756E9
5025.0,15.0,8.0,2.0,709.82490056,1366.4755683,4816.25,4298881.0,0.30728435,6.942862439225352E9
5025.0,15.0,9.0,2.0,766.88836148,1470.30822267,4799.66666667,4904453.55555556,0.30720006,7.035573209906104E9
5025.0,15.0,2.0,3.0,300.75994089,600.15887653,4849.0,1744231.5,0.39568485,6.057317416732394E9
5025.0,15.0,3.0,3.0,449.05369698,886.06404234,4842.33333333,2101366.66666667,0.42007711,6.485174597934273E9
5025.0,15.0,4.0,3.0,584.78323667,1147.9123614,4839.75,2581418.25,0.41593579,6.660556582762128E9
5025.0,15.0,5.0,3.0,707.16917912,1376.03222692,4831.2,3090299.8,0.43561391,6.907149041200627E9
5025.0,15.0,6.0,3.0,820.78909459,1579.02426018,4805.83333333,3762972.83333333,0.42030552,7.120395714740741E9
5025.0,15.0,7.0,3.0,903.51661658,1722.66998461,4797.28571429,4550319.85714286,0.41509161,7.201117251691706E9
5025.0,15.0,8.0,3.0,991.14980338,1860.9286561,4787.25,5350821.125,0.42516348,7.306647906582159E9
5025.0,15.0,9.0,3.0,1069.53969601,1965.67610524,4746.44444444,6247634.55555556,0.41411114,7.430946410023475E9
5025.0,15.0,2.0,4.0,394.59262778,783.18570552,4856.0,1757377.5,0.53757779,6.167969940472614E9
5025.0,15.0,3.0,4.0,585.94631029,1150.52710132,4848.0,2238276.0,0.53298643,6.657182274103287E9
5025.0,15.0,4.0,4.0,757.74598206,1473.10240625,4826.5,2833669.0,0.52324479,6.851116794600157E9
5025.0,15.0,5.0,4.0,903.22172078,1734.79409562,4815.6,3641885.2,0.52058747,7.149887807053522E9
5025.0,15.0,6.0,4.0,1024.15219205,1942.14843132,4789.33333333,4564497.0,0.54201737,7.370236888878196E9
5025.0,15.0,7.0,4.0,1137.70721038,2115.59577548,4769.28571429,5442215.57142857,0.49570988,7.477685719050302E9
5025.0,15.0,8.0,4.0,1228.57932444,2233.93006678,4733.125,6400502.75,0.49867267,7.571444721745392E9
5025.0,15.0,9.0,4.0,1310.85392613,2299.59539659,4668.88888889,7523458.88888889,0.47241496,7.687241075655712E9
5025.0,15.0,2.0,5.0,486.57882165,963.78059484,4848.5,1792976.5,0.61497001,6.272065713014084E9
5025.0,15.0,3.0,5.0,703.87660059,1378.02735008,4843.66666667,2494710.33333333,0.63794816,6.832137890441315E9
5025.0,15.0,4.0,5.0,898.9386966,1735.03245572,4817.25,3272326.0,0.61750667,7.056269954338028E9
5025.0,15.0,5.0,5.0,1058.4534842,2009.47948389,4790.6,4254612.2,0.61715777,7.403893625532394E9
5025.0,15.0,6.0,5.0,1199.02790829,2226.9454564,4755.0,5353149.0,0.60772873,7.582010902913667E9
5025.0,15.0,7.0,5.0,1314.92931145,2358.60344971,4708.42857143,6532186.42857143,0.56075377,7.666693523955735E9
5025.0,15.0,8.0,5.0,1440.49616158,2465.56531979,4638.0,7488933.75,0.54498287,7.7575056704624405E9
5025.0,15.0,9.0,5.0,1565.37317965,2498.11522933,4527.33333333,8533792.0,0.52154913,7.880793487211268E9
5025.0,15.0,2.0,6.0,567.25355731,1118.20860866,4850.5,1919085.0,0.7349827,6.400515308507042E9
5025.0,15.0,3.0,6.0,805.91178246,1566.09649789,4840.66666667,2835738.0,0.70356725,6.983187714507564E9
5025.0,15.0,4.0,6.0,1010.06868929,1929.39973946,4796.75,3911861.5,0.69625299,7.222987414621675E9
5025.0,15.0,5.0,6.0,1179.72634881,2195.26420804,4769.6,5065337.2,0.66067782,7.543010088380594E9
5025.0,15.0,6.0,6.0,1337.51784435,2414.5887607,4716.0,6193739.0,0.65728123,7.733797556E9
5025.0,15.0,7.0,6.0,1484.57712785,2519.58203616,4623.85714286,7442835.71428572,0.62571071,7.828943103983904E9
5025.0,15.0,8.0,6.0,1668.16765,2559.0976602,4458.125,8428862.375,0.60926325,7.882004993816901E9
5025.0,15.0,2.0,7.0,624.78127795,1234.69778862,4848.0,2055799.0,0.81108584,6.483899763251173E9
5025.0,15.0,3.0,7.0,868.26097825,1689.1814571,4830.0,3282905.33333333,0.76419102,7.072513877145539E9
5025.0,15.0,4.0,7.0,1099.50742747,2075.32596303,4790.5,4404713.5,0.74465429,7.372401142661581E9
5025.0,15.0,5.0,7.0,1278.26402869,2327.13280094,4732.4,5766655.0,0.72395825,7.676831604349297E9
5025.0,15.0,6.0,7.0,1468.88441619,2510.59405592,4620.0,7072385.33333333,0.68774848,7.851558876707093E9
5025.0,15.0,7.0,7.0,1677.52531144,2594.80661089,4462.0,8079357.42857143,0.66293401,7.90151445538833E9
5025.0,15.0,8.0,7.0,2074.5011536,2398.51750328,4038.625,8748842.25,0.62969128,7.86844160734471E9
5025.0,15.0,2.0,8.0,670.29396081,1321.95151758,4839.0,2275857.5,0.87526109,6.546118231718309E9
5025.0,15.0,3.0,8.0,926.86106194,1781.59787286,4813.0,3679181.33333333,0.82283927,7.156860081915493E9
5025.0,15.0,4.0,8.0,1170.31901834,2177.14599963,4771.25,4854983.0,0.79150321,7.449893959183099E9
5025.0,15.0,5.0,8.0,1365.52504897,2413.4676596,4672.4,6354938.0,0.76661405,7.737844758E9
5025.0,15.0,6.0,8.0,1613.78287473,2585.18890904,4526.5,7619615.83333333,0.7079879,7.92916549286385E9
5025.0,15.0,7.0,8.0,1987.82872443,2470.32453031,4141.71428571,8600858.14285714,0.67920654,7.937990522993964E9
5025.0,15.0,8.0,8.0,4483.37070397,320.37131296,2741.375,7506597.125,0.59978518,6.551923635760564E9
5025.0,15.0,2.0,9.0,685.45367685,1347.53191348,4838.5,2603149.0,0.88222302,6.536405443098592E9
5025.0,15.0,3.0,9.0,954.25027822,1824.01346549,4795.66666667,4107355.0,0.8632372,7.14763098084507E9
5025.0,15.0,4.0,9.0,1206.28140215,2212.49447989,4743.75,5538157.5,0.81643467,7.513199705492958E9
5025.0,15.0,5.0,9.0,1440.03470806,2451.98477023,4623.0,6984703.4,0.78864851,7.797970373543661E9
5025.0,15.0,6.0,9.0,1788.85503434,2561.96446476,4351.0,8119821.16666667,0.74038298,7.976838895361503E9
5025.0,15.0,7.0,9.0,4506.02598005,464.12268143,2781.71428571,7080047.71428572,0.6282759,6.740187184016096E9
5025.0,15.0,8.0,9.0,4705.39219703,119.47354314,2680.125,8261424.5,0.60394808,6.526285085068663E9
5025.0,15.0,2.0,10.0,687.38404453,1348.51077067,4859.0,3049235.0,0.90339686,6.5843787931267605E9
5025.0,15.0,3.0,10.0,973.3404929,1842.0167756,4794.66666667,4555671.33333333,0.86781338,7.236294057352113E9
5025.0,15.0,4.0,10.0,1257.02429757,2258.79634259,4712.0,5944546.75,0.84407721,7.559915384309859E9
5025.0,15.0,5.0,10.0,1539.42127688,2494.73105318,4539.2,7339961.8,0.82347527,7.865095626095775E9
5025.0,15.0,6.0,10.0,2416.0507509,2164.78489472,3728.83333333,7960668.0,0.73994269,7.819354583661972E9
5025.0,15.0,7.0,10.0,4814.95234686,176.38286947,2695.42857143,7706699.0,0.62589172,6.60018161665996E9
5025.0,15.0,8.0,10.0,4756.81486281,49.27047723,2660.0,9083116.625,0.59136314,6.519791514140844E9
5025.0,15.0,2.0,11.0,695.84321655,1356.29016937,4838.0,3393260.5,0.91707605,6.614410320190141E9
5025.0,15.0,3.0,11.0,991.05863271,1859.05079674,4775.0,4983053.33333333,0.90051592,7.283086983323944E9
5025.0,15.0,4.0,11.0,1290.84313791,2272.31165772,4672.75,6475060.25,0.85728803,7.600717333943662E9
5025.0,15.0,5.0,11.0,1635.77551728,2476.31363766,4417.4,7925130.6,0.828232,7.86184302771831E9
5025.0,15.0,6.0,11.0,4813.49143522,339.12466217,2735.16666667,7005874.0,0.63548246,6.828268574084507E9
5025.0,15.0,7.0,11.0,4901.78088214,89.76068156,2670.28571429,8347870.85714286,0.63639464,6.572391014571876E9
5025.0,15.0,2.0,12.0,701.67642452,1365.5749725,4826.5,3587851.5,0.8286948,6.61828518769697E9
5025.0,15.0,3.0,12.0,1005.68626834,1876.85183299,4751.66666667,5334477.66666667,0.87353967,7.273292392282828E9
5025.0,15.0,4.0,12.0,1338.92712517,2290.95494415,4626.75,6922880.0,0.84281924,7.6571439375E9
5025.0,15.0,5.0,12.0,1840.84029039,2416.1903651,4211.2,8148132.4,0.83086361,7.921300681302564E9
5025.0,15.0,6.0,12.0,5052.46287471,160.35235112,2685.0,7434827.0,0.61201123,6.661833768777778E9
5025.0,15.0,2.0,13.0,700.68629929,1365.44395593,4830.0,3941682.5,0.91647959,6.637024911605635E9
5025.0,15.0,3.0,13.0,1013.56343335,1879.50856857,4756.66666667,5819699.66666667,0.91591207,7.3460523637934265E9
5025.0,15.0,4.0,13.0,1391.87507638,2294.41598987,4555.0,7371207.0,0.88675016,7.6631977391267605E9
5025.0,15.0,5.0,13.0,4656.00753664,506.16795684,2789.4,6796795.6,0.65886184,7.046874174716433E9
5025.0,15.0,6.0,13.0,5041.08196393,85.61936824,2665.16666667,8109400.16666667,0.64006475,6.68473213059155E9
5025.0,15.0,2.0,14.0,702.91078769,1362.45417176,4828.0,4251624.5,0.9272947,6.654012563605634E9
5025.0,15.0,3.0,14.0,1039.56078548,1892.65722936,4719.66666667,6277443.0,0.91344077,7.35098929855399E9
5025.0,15.0,4.0,14.0,1456.53846261,2299.3470841,4492.5,7841962.75,0.89329449,7.69941674256338E9
5025.0,15.0,5.0,14.0,5030.70446384,241.496969,2710.4,7070359.0,0.6839313,6.788287010321127E9
5025.0,15.0,3.0,15.0,1051.23704354,1894.14862298,4709.33333333,6652439.66666667,0.91931219,7.38392181828795E9
5025.0,15.0,4.0,15.0,1530.5058315,2278.99258617,4386.75,8254712.0,0.89351289,7.7668926510383415E9
5025.0,15.0,5.0,15.0,5071.80791965,130.99973335,2680.2,7588558.2,0.67205496,6.8284384630084505E9
5025.0,15.0,3.0,16.0,1073.31117674,1899.83799146,4679.66666667,7170684.0,0.92389838,7.397096566234741E9
5025.0,15.0,4.0,16.0,1745.73835033,2190.14699654,4133.5,8313581.75,0.89474565,7.791290646627934E9
9005.0,17.0,3.0,1.0,22.42678103,218.27363228,5176.33333333,2309723.66666667,0.17806225,6.025037370666667E9
9005.0,17.0,4.0,1.0,28.92685373,285.66865225,5196.0,2476407.0,0.17668984,6.044171477969697E9
9005.0,17.0,5.0,1.0,35.36426976,352.24834761,5230.2,2826860.8,0.17733824,6.085483289383683E9
9005.0,17.0,6.0,1.0,41.42041967,418.96510059,5202.5,2976678.33333333,0.1208362,6.091988142080808E9
9005.0,17.0,7.0,1.0,49.03115417,485.43398071,5239.42857143,3223799.14285714,0.12936717,6.104300470008658E9
9005.0,17.0,8.0,1.0,55.0523824,556.01239651,5222.625,3463625.5,0.1785798,6.119474328052448E9
9005.0,17.0,9.0,1.0,61.74702699,614.65373889,5202.55555556,3798949.55555556,0.19754293,6.12385841745351E9
9005.0,17.0,10.0,1.0,67.1970508,678.87020514,5198.7,3927697.1,0.15158135,6.135155240384149E9
9005.0,17.0,2.0,2.0,28.34286984,284.27309594,5196.0,2201532.5,0.29192003,5.919745004732394E9
9005.0,17.0,3.0,2.0,41.64645234,416.05900238,5195.0,2334274.33333333,0.29894581,6.058875114083463E9
9005.0,17.0,4.0,2.0,54.60055051,543.91125258,5165.25,2686536.0,0.29754083,6.094831151480047E9
9005.0,17.0,5.0,2.0,65.68523971,670.51274929,5183.0,2939745.8,0.30523316,6.126442247686385E9
9005.0,17.0,6.0,2.0,80.85031526,799.67594693,5213.83333333,3312479.33333333,0.28042995,6.148932637295513E9
9005.0,17.0,7.0,2.0,93.30044625,925.5326494,5212.42857143,3596947.42857143,0.28107483,6.171657689624189E9
9005.0,17.0,8.0,2.0,106.97739014,1064.78528971,5194.875,3912214.5,0.29735579,6.199505329263889E9
9005.0,17.0,9.0,2.0,116.98072912,1171.5682795,5215.66666667,4384116.33333333,0.2947994,6.219233643441315E9
9005.0,17.0,10.0,2.0,131.22451213,1290.22993454,5225.9,4678475.9,0.29869558,6.235477584453677E9
9005.0,17.0,2.0,3.0,40.25865086,401.55879363,5236.5,2214352.5,0.46082801,5.940285937E9
9005.0,17.0,3.0,3.0,60.05144092,602.89757924,5176.33333333,2538201.33333333,0.38009582,6.061780883982906E9
9005.0,17.0,4.0,3.0,80.86716802,798.88340312,5236.25,2901011.5,0.41206392,6.132014740000001E9
9005.0,17.0,5.0,3.0,99.09976969,984.42622678,5197.2,3298775.8,0.393087,6.160609178871794E9
9005.0,17.0,6.0,3.0,118.38220249,1181.11662212,5208.83333333,3734044.0,0.38573712,6.194772041291374E9
9005.0,17.0,7.0,3.0,137.40587049,1359.35985982,5213.0,4070559.71428571,0.39546734,6.223977306240426E9
9005.0,17.0,8.0,3.0,154.91615907,1545.77851106,5184.25,4579739.375,0.39215425,6.2682866819743595E9
9005.0,17.0,9.0,3.0,171.82626708,1711.53538722,5171.0,4943725.44444444,0.35566203,6.294881477104377E9
9005.0,17.0,10.0,3.0,190.79934515,1885.07264274,5190.2,5530519.8,0.40675367,6.31440375056317E9
9005.0,17.0,2.0,4.0,54.40748395,541.94164833,5219.0,2264836.0,0.53036699,5.959291595492958E9
9005.0,17.0,3.0,4.0,78.26159416,783.89363652,5220.33333333,2717058.0,0.54361657,6.106406357633801E9
9005.0,17.0,4.0,4.0,101.85389646,1023.91080632,5194.25,3122072.0,0.53457683,6.169432650818075E9
9005.0,17.0,5.0,4.0,127.2664652,1268.98164608,5232.0,3623319.2,0.56068507,6.222188668451643E9
9005.0,17.0,6.0,4.0,151.52836609,1502.64564961,5183.0,4141878.0,0.54904267,6.259328889621022E9
9005.0,17.0,7.0,4.0,174.52476069,1731.84313651,5174.42857143,4689820.57142857,0.53881412,6.297977808595573E9
9005.0,17.0,8.0,4.0,200.89007028,1982.76938375,5171.5,5257339.75,0.53869696,6.339579475196401E9
9005.0,17.0,9.0,4.0,219.29324277,2181.36114835,5184.77777778,5751159.0,0.54292355,6.36858330508955E9
9005.0,17.0,10.0,4.0,246.17680177,2422.5541614,5182.4,6397024.5,0.54677645,6.408861098240219E9
9005.0,17.0,2.0,5.0,64.70571897,639.11340722,5221.5,2383216.5,0.65171684,5.970068888E9
9005.0,17.0,3.0,5.0,94.17618292,949.18348792,5228.33333333,2908595.66666667,0.62555897,6.128413658478873E9
9005.0,17.0,4.0,5.0,127.02618627,1260.4017376,5192.5,3356181.0,0.65956209,6.194429844478872E9
9005.0,17.0,5.0,5.0,155.49346162,1544.82429144,5203.4,4019329.0,0.6508444,6.253972432225351E9
9005.0,17.0,6.0,5.0,186.67523394,1843.58736722,5198.33333333,4707818.66666667,0.65147635,6.30719936969014E9
9005.0,17.0,7.0,5.0,214.61783316,2122.10784777,5196.71428571,5229929.0,0.6508909,6.346419223822938E9
9005.0,17.0,8.0,5.0,240.89645968,2398.58792879,5217.5,5984243.5,0.65516119,6.401698384146126E9
9005.0,17.0,9.0,5.0,269.19539691,2648.75738213,5193.33333333,6559219.0,0.65685188,6.44081007549035E9
9005.0,17.0,10.0,5.0,300.62072881,2922.36945752,5173.9,7271042.3,0.65635126,6.491051160628483E9
9005.0,17.0,2.0,6.0,76.14217428,763.23822274,5186.0,2532097.5,0.77405658,5.988911719098592E9
9005.0,17.0,3.0,6.0,112.53832936,1110.00711037,5188.66666667,3148110.0,0.76240655,6.159061308504956E9
9005.0,17.0,4.0,6.0,144.87701702,1438.8376508,5224.75,3945628.5,0.76390808,6.243008925802817E9
9005.0,17.0,5.0,6.0,178.81307537,1774.6318636,5173.4,4593579.2,0.7760546,6.297840877098279E9
9005.0,17.0,6.0,6.0,212.19067793,2094.79827868,5191.0,5197705.83333333,0.76037695,6.3549438492957735E9
9005.0,17.0,7.0,6.0,246.42437969,2417.5708716,5200.71428571,5987231.42857143,0.75938504,6.409420926694388E9
9005.0,17.0,8.0,6.0,279.8277671,2749.87692194,5177.5,6744444.625,0.76660252,6.467865668716159E9
9005.0,17.0,9.0,6.0,308.9292647,3018.79435885,5170.66666667,7454833.88888889,0.75616138,6.512412985260823E9
9005.0,17.0,10.0,6.0,340.1339004,3328.97257108,5173.3,8142001.3,0.76079502,6.549337425938028E9
9005.0,17.0,3.0,7.0,124.74469815,1237.8978126,5211.66666667,3400768.66666667,0.85834976,6.165010662084507E9
9005.0,17.0,4.0,7.0,161.94183548,1608.66371044,5189.5,4212539.5,0.84883497,6.259062147031691E9
9005.0,17.0,5.0,7.0,197.78285882,1972.51238226,5193.6,5056124.8,0.85159897,6.324896485814084E9
9005.0,17.0,6.0,7.0,235.13999206,2333.90149218,5182.66666667,5785923.16666667,0.8607222,6.388875564486699E9
9005.0,17.0,7.0,7.0,272.89140229,2683.85616594,5191.14285714,6673788.0,0.85110399,6.450325274287726E9
9005.0,17.0,9.0,7.0,339.28085369,3331.78164527,5177.44444444,8368874.55555556,0.84361546,6.553255440926447E9
9005.0,17.0,10.0,7.0,382.79119995,3671.70470377,5158.4,9213003.7,0.83906397,6.623596874061971E9
9005.0,17.0,2.0,8.0,90.71895788,906.17301096,5246.0,2532504.5,0.92897402,6.0092147169577465E9
9005.0,17.0,3.0,8.0,133.63380323,1338.18788504,5204.33333333,3449294.66666667,0.93942001,6.182448820431926E9
9005.0,17.0,4.0,8.0,177.25745077,1761.31433492,5174.75,4368749.0,0.92596066,6.274358584271519E9
9005.0,17.0,5.0,8.0,216.01608719,2146.04569518,5200.8,5434352.6,0.92850019,6.344622974557747E9
9005.0,17.0,6.0,8.0,259.39268028,2541.94383417,5184.5,6314029.5,0.91560752,6.414811473180491E9
9005.0,17.0,7.0,8.0,297.58761645,2916.55417765,5178.28571429,7146125.14285714,0.91195616,6.480000456434608E9
9005.0,17.0,8.0,8.0,335.65512898,3272.05838954,5204.5,8084141.875,0.91213014,6.54650971240845E9
9005.0,17.0,9.0,8.0,371.53088962,3606.09719064,5159.44444444,9002946.33333333,0.90543936,6.599316933013215E9
9005.0,17.0,10.0,8.0,413.18480604,3944.10395059,5140.8,9986125.0,0.89966647,6.655087679235994E9
9005.0,17.0,2.0,9.0,89.07035525,885.7928506,5214.0,3622866.0,0.89693001,6.012179365014085E9
9005.0,17.0,3.0,9.0,131.61486002,1305.04413456,5189.0,4531988.33333333,0.90982755,6.185448348807511E9
9005.0,17.0,4.0,9.0,168.65160925,1692.67645066,5223.0,5342031.5,0.91093433,6.274164335723004E9
9005.0,17.0,5.0,9.0,212.32627875,2093.39312081,5161.6,6294331.0,0.92023653,6.352772740169014E9
9005.0,17.0,6.0,9.0,252.72355763,2500.14952139,5191.0,7270675.16666667,0.91856306,6.415845546629108E9
9005.0,17.0,7.0,9.0,292.87882455,2882.30359927,5167.0,8215991.85714286,0.92468437,6.475812492185111E9
9005.0,17.0,9.0,9.0,375.04536645,3607.33825472,5137.88888889,1.014463866666667E7,0.91941913,6.603048985542863E9
9005.0,17.0,10.0,9.0,417.79896588,3979.38085916,5119.7,1.08792826E7,0.91650188,6.669304834948514E9
9005.0,17.0,3.0,10.0,128.5308773,1272.78787239,5206.66666667,4846921.66666667,0.89186854,6.188880575269172E9
9005.0,17.0,4.0,10.0,167.59528267,1661.62640195,5180.75,5677181.5,0.89003228,6.264764678225352E9
9005.0,17.0,5.0,10.0,209.94936107,2065.29733429,5165.4,6776771.0,0.90781008,6.344753526540846E9
9005.0,17.0,6.0,10.0,250.78719344,2472.55863561,5177.5,7692414.83333333,0.91716667,6.415897629640063E9
9005.0,17.0,7.0,10.0,293.77711047,2863.16721714,5172.71428571,8749078.85714286,0.91985246,6.480315320234741E9
9005.0,17.0,9.0,10.0,376.82758825,3603.29299184,5132.55555556,1.075383111111111E7,0.92548383,6.609419812171101E9
9005.0,17.0,10.0,10.0,423.57958775,3963.43400813,5097.2,1.19004997E7,0.9237355,6.673743986848043E9
9005.0,17.0,3.0,11.0,129.05955527,1287.89581763,5213.66666667,5444794.33333333,0.90888008,6.1811011310375595E9
9005.0,17.0,4.0,11.0,170.90688916,1696.67040695,5195.25,6505679.75,0.9119236,6.266566386112677E9
9005.0,17.0,5.0,11.0,211.49551711,2084.36934084,5186.6,7486805.6,0.9180763,6.338284199819718E9
9005.0,17.0,6.0,11.0,255.73730424,2499.30748692,5159.16666667,8419939.66666667,0.92249976,6.412738117765259E9
9005.0,17.0,7.0,11.0,296.35596045,2877.26363737,5157.42857143,9293431.28571428,0.91525406,6.482011769663762E9
9005.0,17.0,8.0,11.0,336.76006685,3254.48999304,5156.0,1.053505375E7,0.92363075,6.540658552095853E9
9005.0,17.0,9.0,11.0,381.67227499,3613.6104411,5124.88888889,1.165521788888889E7,0.92193277,6.607771219680751E9
9005.0,17.0,10.0,11.0,425.82833438,3978.63803592,5105.0,1.27932129E7,0.92676305,6.669152032202817E9
9005.0,17.0,3.0,12.0,122.47323953,1227.4987085,5159.33333333,5254798.33333333,0.80060025,6.166213395777778E9
9005.0,17.0,4.0,12.0,161.68354863,1621.71260023,5213.75,6648502.25,0.85534569,6.250806488730769E9
9005.0,17.0,5.0,12.0,205.8573241,2030.3331267,5193.6,8006200.4,0.86012858,6.311083174146387E9
9005.0,17.0,6.0,12.0,249.50006666,2429.35386393,5163.33333333,8972156.5,0.86066057,6.386928538683761E9
9005.0,17.0,7.0,12.0,284.20858003,2769.36164405,5163.85714286,9947016.42857143,0.84622589,6.4259478966733265E9
9005.0,17.0,8.0,12.0,327.64652991,3137.71016535,5150.875,1.1185493125E7,0.84342212,6.498657311833332E9
9005.0,17.0,9.0,12.0,367.24717988,3487.63727192,5129.55555556,1.180922266666667E7,0.8414673,6.432387052085469E9
9005.0,17.0,2.0,13.0,85.16323277,846.13846316,5207.5,4646805.5,0.88597132,6.00712019802817E9
9005.0,17.0,3.0,13.0,122.56767191,1222.03274026,5196.66666667,5537765.66666667,0.87553659,6.1785903302910795E9
9005.0,17.0,4.0,13.0,164.51976648,1617.285185,5204.5,7193547.0,0.89087811,6.253623417661972E9
9005.0,17.0,5.0,13.0,206.36073886,2024.8859353,5194.2,8651806.8,0.90921968,6.307560658931456E9
9005.0,17.0,6.0,13.0,248.7651915,2423.67610475,5172.33333333,9575745.83333333,0.91066266,6.374324272394366E9
9005.0,17.0,7.0,13.0,286.77046476,2765.36557999,5141.0,1.075653557142857E7,0.90937335,6.429549268828974E9
9005.0,17.0,8.0,13.0,325.46829846,3113.72059986,5148.25,1.188761475E7,0.91799648,6.494694674476917E9
9005.0,17.0,9.0,13.0,369.96102321,3490.53539852,5117.33333333,1.275657744444444E7,0.9103801,6.433547541789949E9
9005.0,17.0,4.0,14.0,161.27468883,1606.82004074,5153.25,7671218.25,0.88955441,6.245918714281299E9
9005.0,17.0,5.0,14.0,205.37589015,2022.76337862,5180.4,9266137.8,0.90108058,6.304167751774649E9
9005.0,17.0,6.0,14.0,245.56111949,2410.31281158,5173.83333333,1.034509433333333E7,0.90908799,6.373423701201617E9
9005.0,17.0,7.0,14.0,286.61824969,2749.80320022,5176.28571429,1.185286857142857E7,0.91540035,6.437988307918623E9
9005.0,17.0,8.0,14.0,325.51851705,3102.17447003,5114.125,1.2805202625E7,0.91159623,6.492180892199922E9
9005.0,17.0,9.0,14.0,368.61387752,3474.58573834,5116.77777778,1.354878744444444E7,0.90793801,6.43095075429108E9
9005.0,17.0,5.0,15.0,204.94512392,2019.42743126,5173.4,9898831.6,0.9120633,6.310871859785915E9
9005.0,17.0,6.0,15.0,247.71330173,2404.75485113,5166.33333333,1.124151216666667E7,0.90869051,6.37021812144601E9
9005.0,17.0,8.0,15.0,326.43788297,3101.47095072,5125.75,1.34830375E7,0.90941047,6.501890551292449E9
9005.0,17.0,9.0,15.0,371.98125476,3488.68724661,5124.11111111,1.406923755555556E7,0.91329992,6.447267606677274E9
9005.0,17.0,2.0,16.0,83.48308147,839.21355149,5193.5,5362229.0,0.88936079,6.015589093683882E9
9005.0,17.0,6.0,16.0,249.12076386,2400.66876566,5152.83333333,1.1752752E7,0.91367015,6.384168739059989E9
9005.0,17.0,7.0,16.0,285.4146746,2743.91468055,5157.42857143,1.316523085714286E7,0.9100991,6.438144484562711E9
9005.0,17.0,8.0,16.0,327.62161869,3103.19553284,5120.625,1.4238641875E7,0.915306,6.50508074926565E9
9005.0,17.0,9.0,16.0,368.27071855,3465.55749696,5094.22222222,1.474673477777778E7,0.90578473,6.435767581442532E9
